L30x20x3
1.42 1.25 0.44 1.43 0.25
L30x20x4
1.85 1.59 0.55 1.81 0.33
L40x20x3
1.72 2.79 0.47 2.96 0.30
L40x20x4
2.25 3.59 0.60 3.79 0.39
L40x25x4
2.46 3.89 1.16 4.35 0.70
L40x30x3
2.19 4.47 1.60 5.15 0.93
L45x30x4
2.87 5.78 2.05 6.65 1.18
L45x30x5
3.53 6.99 2.47 8.02 1.44
L50x30x4
3.07 7.71 2.09 8.53 1.27
L50x30x5
3.78 9.41 2.54 10.4 1.56
L50x40x4
3.46 8.54 4.86 10.9 2.46
L50x40x5
4.27 10.4 5.89 13.3 3.02 
L60x30x5
4.29 15.6 2.60 16.5 1.69
L60x40x5
4.79 17.2 6.11 19.8 3.50
L60x40x6
5.68 20.1 7.12 23.1 4.12
L60x40x7
6.55 23.0 8.07 26.3 4.73
L65x50x5
5.54 23.1 11.9 28.8 6.21
L65x50x7
7.60 31.0 15.8 38.4 8.37
L65x50x9
9.58 38.2 19.4 47 10.5
L70x50x6
6.88 33.5 14.3 39.9 7.94
L75x50x7
8.30 46.4 16.5 53.3 9.56
L75x50x9
10.5 57.4 20.2 65.7 11.9
L75x55x5
6.30 35.5 16.2 43.1 8.68
L75x55x7
8.66 47.9 21.8 57.9 11.8
L75x55x9
10.9 59.4 26.8 71.3 14.8  
L80x40x6
6.89 44.9 7.59 47.6 4.90
L80x40x8
9.01 57.6 9.68 60.9 6.41
L80x60x7
9.38 59.0 28.4 72.0 15.4
L80x65x8
11.0 68.1 40.1 88.0 20.3
L80x65x10
13.6 82.2 48.3 106 24.8
L90x60x6
8.69 71.7 25.8 82.8 14.6
L90x60x8
11.4 92.5 33.0 107 19.0
L100x50x6
8.73 89.7 15.3 95.2 9.78
L100x50x8
11.5 116 19.5 123 12.6
L100x50x10
14.1 141 23.4 149 15.5
L100x65x7
11.2 113 37.6 128 21.0
L100x65x9
14.2 141 46.7 160 27.2
L100x65x11
17.1 167 55.1 190 32.6
L100x75x7
11.9 118 56.9 145 30.1
L100x75x9
15.1 148 71.0 181 37.8
L100x75x11
18.2 176 84.0 214 54.4
L120x80x8
15.5 226 80.8 261 45.8
L120x80x10
19.1 276 98.1 318 56.1
L120x80x12
22.7 323 114 371 66.1
L130x65x8
15.1 263 44.8 280 28.6
L130x65x10
18.6 321 54.2 340 35.0
L130x65x12
22.1 376 63.0 397 41.2
L130x90x12
25.1 420 165 492 92.6
L150x75x9
19.5 455 78.3 484 50.0
L150x75x11
23.6 545 93.0 578 59.8
L150x100x10
24.2 552 198 637 112
L150x100x12
28.7 650 232 749 132
L150x100x14
33.2 744 264 856 152
L160x80x12
27.5 720 122 763 78.9
L180x90x10
26.2 880 151 934 97.4
L180x90x12
31.2 1040 177 1100 114
L200x100x10
29.2 1220 210 1300 133
L200x100x12
34.8 1440 247 1530 158
L200x100x14
30.3 1650 282 1760 181